ID: 101, Data: 8 64 63 63 0 0 0 0 0 
ID: 101, Data: 8 64 63 63 0 0 0 0 0 
ID: 101, Data: 8 64 63 63 0 0 0 0 0 
ID: 101, Data: 8 64 63 63 0 0 0 0 0 
ID: 101, Data: 8 64 63 63 0 0 0 0 0 
ID: 101, Data: 8 64 63 63 0 0 0 0 0 
ID: 101, Data: 8 64 63 63 0 0 0 0 0 
ID: 101, Data: 8 64 63 63 0 0 0 0 0 
ID: 101, Data: 8 64 63 63 0 0 0 0 0 
ID: 101, Data: 8 64 63 63 0 0 0 0 0 
ID: 101, Data: 8 64 63 63 0 0 0 0 0 
ID: 101, Data: 8 0 0 63 0 0 0 0 0 
ID: 101, Data: 8 64 64 63 0 0 0 0 0 
ID: 101, Data: 8 64 64 63 0 0 0 0 0 
ID: 101, Data: 8 64 65 63 0 0 0 0 0 
ID: 101, Data: 8 64 65 63 0 0 0 0 0 
ID: 101, Data: 8 64 64 63 0 0 0 0 0 
ID: 101, Data: 8 64 64 63 0 0 0 0 0 
ID: 101, Data: 8 64 64 63 0 0 0 0 0 
ID: 101, Data: 8 64 64 63 0 0 0 0 0 
ID: 101, Data: 8 64 63 63 0 0 0 0 0 
ID: 101, Data: 8 64 64 63 0 0 0 0 0 
ID: 101, Data: 8 64 64 63 0 0 0 0 0 
ID: 101, Data: 8 64 63 63 0 0 0 0 0 
ID: 101, Data: 8 64 64 63 0 0 0 0 0 
ID: 101, Data: 8 64 64 63 0 0 0 0 0 
ID: 101, Data: 8 64 64 63 0 0 0 0 0 
ID: 101, Data: 8 64 64 63 0 0 0 0 0 
ID: 101, Data: 8 64 64 63 0 0 0 0 0 
ID: 101, Data: 8 64 64 63 0 0 0 0 0 
ID: 101, Data: 8 64 64 63 0 0 0 0 0 
ID: 101, Data: 8 64 63 63 0 0 0 0 0 
ID: 101, Data: 8 64 63 63 0 0 0 0 0 
ID: 101, Data: 8 64 63 63 0 0 0 0 0 
ID: 101, Data: 8 64 64 63 0 0 0 0 0 
ID: 101, Data: 8 64 64 63 0 0 0 0 0 
ID: 101, Data: 8 64 64 63 0 0 0 0 0 
ID: 101, Data: 8 64 64 63 0 0 0 0 0 
ID: 101, Data: 8 64 64 63 0 0 0 0 0 
ID: 101, Data: 8 64 64 63 0 0 0 0 0 
ID: 101, Data: 8 64 63 63 0 0 0 0 0 
ID: 101, Data: 8 64 64 63 0 0 0 0 0 
ID: 101, Data: 8 64 63 63 0 0 0 0 0 
ID: 101, Data: 8 64 63 63 0 0 0 0 0 
ID: 101, Data: 8 64 63 63 0 0 0 0 0 
ID: 101, Data: 8 64 63 63 0 0 0 0 0 
ID: 101, Data: 8 64 64 63 0 0 0 0 0 
ID: 101, Data: 8 64 64 63 0 0 0 0 0 
ID: 101, Data: 8 64 63 63 0 0 0 0 0 
ID: 101, Data: 8 64 63 63 0 0 0 0 0 
ID: 101, Data: 8 64 64 63 0 0 0 0 0 
ID: 101, Data: 8 64 64 63 0 0 0 0 0 
ID: 101, Data: 8 64 63 63 0 0 0 0 0 
ID: 101, Data: 8 64 63 63 0 0 0 0 0 
ID: 101, Data: 8 64 63 63 0 0 0 0 0 
ID: 101, Data: 8 64 64 63 0 0 0 0 0 
ID: 101, Data: 8 64 65 63 0 0 0 0 0 
ID: 101, Data: 8 64 63 63 0 0 0 0 0 
ID: 101, Data: 8 64 63 63 0 0 0 0 0 
ID: 101, Data: 8 64 65 63 0 0 0 0 0 
ID: 101, Data: 8 64 63 63 0 0 0 0 0 
ID: 101, Data: 8 64 63 63 0 0 0 0 0 
ID: 101, Data: 8 64 63 63 0 0 0 0 0 
ID: 101, Data: 8 64 63 63 0 0 0 0 0 
ID: 101, Data: 8 64 63 63 0 0 0 0 0 
ID: 101, Data: 8 64 63 63 0 0 0 0 0 
ID: 101, Data: 8 64 63 63 0 0 0 0 0 
ID: 101, Data: 8 64 63 63 0 0 0 0 0 
ID: 101, Data: 8 64 63 63 0 0 0 0 0 
ID: 101, Data: 8 64 63 63 0 0 0 0 0 
ID: 101, Data: 8 64 63 63 0 0 0 0 0 
