ID: 50, Data: 8 1a 26 67 47 10 0 0 80 
ID: 50, Data: 8 1a 26 67 47 10 0 0 80 
ID: 50, Data: 8 1a 26 67 47 10 0 0 80 
ID: 50, Data: 8 1a 26 67 47 10 0 0 80 
ID: 50, Data: 8 1a 26 67 47 10 0 0 80 
ID: 50, Data: 8 1a 26 67 47 10 0 0 80 
ID: 50, Data: 8 1a 26 67 47 10 0 0 80 
ID: 50, Data: 8 1a 26 67 47 10 0 0 80 
ID: 50, Data: 8 1a 26 67 47 10 0 0 80 
ID: 50, Data: 8 1a 26 67 47 10 0 0 80 
ID: 50, Data: 8 1a 26 67 47 10 0 0 80 
ID: 50, Data: 8 1a 26 67 47 10 0 0 80 
ID: 50, Data: 8 1a 26 67 47 10 0 0 80 
