ID: 101, Data: 8 63 64 63 0 0 0 0 0 
ID: 101, Data: 8 63 64 63 0 0 0 0 0 
ID: 101, Data: 8 63 64 63 0 0 0 0 0 
ID: 101, Data: 8 63 64 63 0 0 0 0 0 
ID: 101, Data: 8 63 64 63 0 0 0 0 0 
ID: 101, Data: 8 63 64 63 0 0 0 0 0 
ID: 101, Data: 8 0 0 63 0 0 0 0 0 
ID: 101, Data: 8 0 0 63 0 0 0 0 0 
ID: 101, Data: 8 0 0 63 0 0 0 0 0 
ID: 101, Data: 8 63 63 63 0 0 0 0 0 
ID: 101, Data: 8 63 63 63 0 0 0 0 0 
ID: 101, Data: 8 63 63 63 0 0 0 0 0 
ID: 101, Data: 8 63 63 63 0 0 0 0 0 
ID: 101, Data: 8 63 63 63 0 0 0 0 0 
ID: 101, Data: 8 63 62 63 0 0 0 0 0 
ID: 101, Data: 8 63 63 63 0 0 0 0 0 
ID: 101, Data: 8 63 62 63 0 0 0 0 0 
ID: 101, Data: 8 63 62 63 0 0 0 0 0 
ID: 101, Data: 8 63 64 63 0 0 0 0 0 
ID: 101, Data: 8 63 64 63 0 0 0 0 0 
ID: 101, Data: 8 63 62 63 0 0 0 0 0 
ID: 101, Data: 8 64 62 63 0 0 0 0 0 
ID: 101, Data: 8 64 62 63 0 0 0 0 0 
ID: 101, Data: 8 64 62 63 0 0 0 0 0 
ID: 101, Data: 8 64 63 63 0 0 0 0 0 
ID: 101, Data: 8 64 63 63 0 0 0 0 0 
ID: 101, Data: 8 64 63 63 0 0 0 0 0 
ID: 101, Data: 8 64 63 63 0 0 0 0 0 
ID: 101, Data: 8 64 63 63 0 0 0 0 0 
ID: 101, Data: 8 64 63 63 0 0 0 0 0 
ID: 101, Data: 8 64 63 63 0 0 0 0 0 
ID: 101, Data: 8 64 62 63 0 0 0 0 0 
ID: 101, Data: 8 64 62 63 0 0 0 0 0 
ID: 101, Data: 8 64 62 63 0 0 0 0 0 
ID: 101, Data: 8 64 63 63 0 0 0 0 0 
ID: 101, Data: 8 64 63 63 0 0 0 0 0 
ID: 101, Data: 8 64 63 63 0 0 0 0 0 
ID: 101, Data: 8 64 62 63 0 0 0 0 0 
ID: 101, Data: 8 64 63 63 0 0 0 0 0 
ID: 101, Data: 8 64 63 63 0 0 0 0 0 
ID: 101, Data: 8 64 63 63 0 0 0 0 0 
ID: 101, Data: 8 64 62 63 0 0 0 0 0 
ID: 101, Data: 8 64 62 63 0 0 0 0 0 
ID: 101, Data: 8 64 62 63 0 0 0 0 0 
ID: 101, Data: 8 64 62 63 0 0 0 0 0 
ID: 101, Data: 8 64 63 63 0 0 0 0 0 
ID: 101, Data: 8 64 63 63 0 0 0 0 0 
ID: 101, Data: 8 64 63 63 0 0 0 0 0 
ID: 101, Data: 8 64 62 63 0 0 0 0 0 
ID: 101, Data: 8 64 63 63 0 0 0 0 0 
ID: 101, Data: 8 64 62 63 0 0 0 0 0 
ID: 101, Data: 8 64 62 63 0 0 0 0 0 
ID: 101, Data: 8 64 62 63 0 0 0 0 0 
ID: 101, Data: 8 64 64 63 0 0 0 0 0 
ID: 101, Data: 8 64 63 63 0 0 0 0 0 
ID: 101, Data: 8 64 63 63 0 0 0 0 0 
ID: 101, Data: 8 64 64 63 0 0 0 0 0 
ID: 101, Data: 8 64 64 63 0 0 0 0 0 
ID: 101, Data: 8 64 63 63 0 0 0 0 0 
ID: 101, Data: 8 64 62 63 0 0 0 0 0 
ID: 101, Data: 8 64 62 63 0 0 0 0 0 
ID: 101, Data: 8 64 62 63 0 0 0 0 0 
ID: 101, Data: 8 64 64 63 0 0 0 0 0 
ID: 101, Data: 8 64 64 63 0 0 0 0 0 
ID: 101, Data: 8 64 62 63 0 0 0 0 0 
ID: 101, Data: 8 64 63 63 0 0 0 0 0 
ID: 101, Data: 8 64 62 63 0 0 0 0 0 
ID: 101, Data: 8 64 62 63 0 0 0 0 0 
ID: 101, Data: 8 64 62 63 0 0 0 0 0 
ID: 101, Data: 8 64 63 63 0 0 0 0 0 
ID: 101, Data: 8 64 63 63 0 0 0 0 0 
ID: 101, Data: 8 64 64 63 0 0 0 0 0 
ID: 101, Data: 8 64 62 63 0 0 0 0 0 
ID: 101, Data: 8 64 62 63 0 0 0 0 0 
ID: 101, Data: 8 64 62 63 0 0 0 0 0 
ID: 101, Data: 8 64 62 63 0 0 0 0 0 
ID: 101, Data: 8 64 62 63 0 0 0 0 0 
ID: 101, Data: 8 64 64 63 0 0 0 0 0 
ID: 101, Data: 8 64 62 63 0 0 0 0 0 
ID: 101, Data: 8 64 62 63 0 0 0 0 0 
ID: 101, Data: 8 64 62 63 0 0 0 0 0 
ID: 101, Data: 8 64 62 63 0 0 0 0 0 
ID: 101, Data: 8 64 63 63 0 0 0 0 0 
ID: 101, Data: 8 64 62 63 0 0 0 0 0 
ID: 101, Data: 8 64 62 63 0 0 0 0 0 
ID: 101, Data: 8 64 62 63 0 0 0 0 0 
ID: 101, Data: 8 64 64 63 0 0 0 0 0 
ID: 101, Data: 8 64 64 63 0 0 0 0 0 
ID: 101, Data: 8 64 64 63 0 0 0 0 0 
ID: 101, Data: 8 64 64 63 0 0 0 0 0 
ID: 101, Data: 8 64 64 63 0 0 0 0 0 
ID: 101, Data: 8 64 63 63 0 0 0 0 0 
ID: 101, Data: 8 64 64 63 0 0 0 0 0 
ID: 101, Data: 8 64 64 63 0 0 0 0 0 
ID: 101, Data: 8 64 62 63 0 0 0 0 0 
ID: 101, Data: 8 64 64 63 0 0 0 0 0 
ID: 101, Data: 8 64 64 63 0 0 0 0 0 
ID: 101, Data: 8 64 64 63 0 0 0 0 0 
ID: 101, Data: 8 64 63 63 0 0 0 0 0 
ID: 101, Data: 8 64 64 63 0 0 0 0 0 
ID: 101, Data: 8 64 64 63 0 0 0 0 0 
ID: 101, Data: 8 64 62 63 0 0 0 0 0 
ID: 101, Data: 8 64 64 63 0 0 0 0 0 
ID: 101, Data: 8 64 63 63 0 0 0 0 0 
ID: 101, Data: 8 64 63 63 0 0 0 0 0 
ID: 101, Data: 8 64 62 63 0 0 0 0 0 
ID: 101, Data: 8 64 64 63 0 0 0 0 0 
ID: 101, Data: 8 64 62 63 0 0 0 0 0 
ID: 101, Data: 8 64 64 63 0 0 0 0 0 
ID: 101, Data: 8 64 64 63 0 0 0 0 0 
ID: 101, Data: 8 64 64 63 0 0 0 0 0 
ID: 101, Data: 8 64 64 63 0 0 0 0 0 
ID: 101, Data: 8 64 63 63 0 0 0 0 0 
ID: 101, Data: 8 64 64 63 0 0 0 0 0 
ID: 101, Data: 8 64 63 63 0 0 0 0 0 
ID: 101, Data: 8 64 64 63 0 0 0 0 0 
ID: 101, Data: 8 64 64 63 0 0 0 0 0 
ID: 101, Data: 8 64 64 63 0 0 0 0 0 
ID: 101, Data: 8 64 63 63 0 0 0 0 0 
ID: 101, Data: 8 64 64 63 0 0 0 0 0 
ID: 101, Data: 8 64 64 63 0 0 0 0 0 
ID: 101, Data: 8 64 64 63 0 0 0 0 0 
ID: 101, Data: 8 64 64 63 0 0 0 0 0 
ID: 101, Data: 8 64 64 63 0 0 0 0 0 
ID: 101, Data: 8 64 64 63 0 0 0 0 0 
ID: 101, Data: 8 64 64 63 0 0 0 0 0 
ID: 101, Data: 8 64 64 63 0 0 0 0 0 
ID: 101, Data: 8 64 64 63 0 0 0 0 0 
ID: 101, Data: 8 64 64 63 0 0 0 0 0 
ID: 101, Data: 8 64 64 63 0 0 0 0 0 
ID: 101, Data: 8 64 64 63 0 0 0 0 0 
ID: 101, Data: 8 64 64 63 0 0 0 0 0 
ID: 101, Data: 8 64 64 63 0 0 0 0 0 
ID: 101, Data: 8 64 64 63 0 0 0 0 0 
ID: 101, Data: 8 64 64 63 0 0 0 0 0 
ID: 101, Data: 8 64 64 63 0 0 0 0 0 
ID: 101, Data: 8 64 64 63 0 0 0 0 0 
ID: 101, Data: 8 64 64 63 0 0 0 0 0 
ID: 101, Data: 8 64 64 63 0 0 0 0 0 
ID: 101, Data: 8 64 64 63 0 0 0 0 0 
ID: 101, Data: 8 64 64 63 0 0 0 0 0 
ID: 101, Data: 8 64 64 63 0 0 0 0 0 
ID: 101, Data: 8 64 64 63 0 0 0 0 0 
ID: 101, Data: 8 64 64 63 0 0 0 0 0 
ID: 101, Data: 8 64 64 63 0 0 0 0 0 
ID: 101, Data: 8 64 64 63 0 0 0 0 0 
ID: 101, Data: 8 64 64 63 0 0 0 0 0 
ID: 101, Data: 8 64 64 63 0 0 0 0 0 
ID: 101, Data: 8 64 64 63 0 0 0 0 0 
ID: 101, Data: 8 64 64 63 0 0 0 0 0 
ID: 101, Data: 8 64 64 63 0 0 0 0 0 
ID: 101, Data: 8 64 64 63 0 0 0 0 0 
ID: 101, Data: 8 64 64 63 0 0 0 0 0 
ID: 101, Data: 8 64 64 63 0 0 0 0 0 
ID: 101, Data: 8 64 64 63 0 0 0 0 0 
ID: 101, Data: 8 64 63 63 0 0 0 0 0 
ID: 101, Data: 8 64 63 63 0 0 0 0 0 
ID: 101, Data: 8 64 63 63 0 0 0 0 0 
ID: 101, Data: 8 64 63 63 0 0 0 0 0 
ID: 101, Data: 8 64 64 63 0 0 0 0 0 
ID: 101, Data: 8 64 64 63 0 0 0 0 0 
ID: 101, Data: 8 64 64 63 0 0 0 0 0 
ID: 101, Data: 8 64 63 63 0 0 0 0 0 
ID: 101, Data: 8 64 64 63 0 0 0 0 0 
ID: 101, Data: 8 64 64 63 0 0 0 0 0 
ID: 101, Data: 8 64 64 63 0 0 0 0 0 
ID: 101, Data: 8 64 64 63 0 0 0 0 0 
ID: 101, Data: 8 64 64 63 0 0 0 0 0 
ID: 101, Data: 8 64 64 63 0 0 0 0 0 
ID: 101, Data: 8 64 63 63 0 0 0 0 0 
ID: 101, Data: 8 64 64 63 0 0 0 0 0 
