ID: 22, Data: 8 0 0 f 0 0 0 0 0 
ID: 22, Data: 8 3 0 7 25 0 0 0 0 
ID: 22, Data: 8 0 0 7 25 0 0 0 0 
ID: 22, Data: 8 0 0 7 25 0 0 0 0 
ID: 22, Data: 8 0 0 7 25 0 0 0 0 
ID: 22, Data: 8 0 0 7 25 0 0 0 0 
ID: 22, Data: 8 0 0 f 0 0 0 0 0 
ID: 22, Data: 8 3 0 7 25 0 0 0 0 
ID: 22, Data: 8 0 0 7 25 0 0 0 0 
ID: 22, Data: 8 0 0 7 25 0 0 0 0 
ID: 22, Data: 8 0 0 7 25 0 0 0 0 
ID: 22, Data: 8 1 0 7 25 0 0 0 0 
ID: 22, Data: 8 0 0 7 25 0 0 0 0 
ID: 22, Data: 8 0 0 7 25 0 0 0 0 
ID: 22, Data: 8 1 0 7 25 0 0 0 0 
ID: 22, Data: 8 1 0 7 25 0 0 0 0 
ID: 22, Data: 8 0 0 7 25 0 0 0 0 
ID: 22, Data: 8 1 0 7 25 0 0 0 0 
ID: 22, Data: 8 1 0 7 25 0 0 0 0 
ID: 22, Data: 8 1 0 7 25 0 0 0 0 
ID: 22, Data: 8 1 0 7 25 0 0 0 0 
ID: 22, Data: 8 0 0 7 25 0 0 0 0 
ID: 22, Data: 8 1 0 7 25 0 0 0 0 
ID: 22, Data: 8 1 0 7 25 0 0 0 0 
ID: 22, Data: 8 1 0 7 25 0 0 0 0 
ID: 22, Data: 8 0 0 7 25 0 0 0 0 
ID: 22, Data: 8 0 0 7 25 0 0 0 0 
ID: 22, Data: 8 1 0 7 25 0 0 0 0 
ID: 22, Data: 8 0 0 7 25 0 0 0 0 
ID: 22, Data: 8 0 0 7 25 0 0 0 0 
ID: 22, Data: 8 0 0 7 25 0 0 0 0 
ID: 22, Data: 8 0 0 7 25 0 0 0 0 
ID: 22, Data: 8 0 0 7 25 0 0 0 0 
ID: 22, Data: 8 0 0 7 25 0 0 0 0 
ID: 22, Data: 8 1 0 7 25 0 0 0 0 
ID: 22, Data: 8 0 0 7 25 0 0 0 0 
ID: 22, Data: 8 1 0 7 25 0 0 0 0 
ID: 22, Data: 8 0 0 7 25 0 0 0 0 
ID: 22, Data: 8 0 0 7 25 0 0 0 0 
ID: 22, Data: 8 0 0 7 25 0 0 0 0 
ID: 22, Data: 8 1 0 7 25 0 0 0 0 
ID: 22, Data: 8 0 0 7 25 0 0 0 0 
ID: 22, Data: 8 1 0 7 25 0 0 0 0 
ID: 22, Data: 8 1 0 7 25 0 0 0 0 
ID: 22, Data: 8 0 0 7 25 0 0 0 0 
ID: 22, Data: 8 0 0 7 25 0 0 0 0 
ID: 22, Data: 8 1 0 7 25 0 0 0 0 
