ID: 50, Data: 8 f8 0 1f ff 0 0 0 80 
ID: 50, Data: 8 f8 0 1f ff 0 0 0 80 
ID: 50, Data: 8 f8 0 1f ff 0 0 0 80 
ID: 50, Data: 8 f8 0 1f ff 0 0 0 80 
ID: 50, Data: 8 19 26 67 27 10 0 0 80 
ID: 50, Data: 8 19 26 67 27 10 0 0 80 
ID: 50, Data: 8 1a 26 67 47 10 0 0 80 
ID: 50, Data: 8 1a 26 67 47 10 0 0 80 
ID: 50, Data: 8 1a 26 67 47 10 0 0 80 
ID: 50, Data: 8 1a 26 67 47 10 0 0 80 
ID: 50, Data: 8 1a 26 67 47 10 0 0 80 
ID: 50, Data: 8 1a 26 67 47 10 0 0 80 
ID: 50, Data: 8 1a 26 67 47 10 0 0 80 
ID: 50, Data: 8 1a 26 67 47 10 0 0 80 
ID: 50, Data: 8 1a 26 67 47 10 0 0 80 
ID: 50, Data: 8 1a 26 67 47 10 0 0 80 
ID: 50, Data: 8 1a 26 67 47 10 0 0 80 
ID: 50, Data: 8 1a 26 67 47 10 0 0 80 
ID: 50, Data: 8 19 26 67 27 10 0 0 80 
ID: 50, Data: 8 19 26 67 27 10 0 0 80 
ID: 50, Data: 8 1a 26 67 47 10 0 0 80 
ID: 50, Data: 8 1a 26 67 47 10 0 0 80 
ID: 50, Data: 8 1a 26 67 47 10 0 0 80 
ID: 50, Data: 8 1a 26 67 47 10 0 0 80 
ID: 50, Data: 8 1a 26 67 47 10 0 0 80 
ID: 50, Data: 8 1a 26 67 47 10 0 0 80 
ID: 50, Data: 8 1a 26 67 47 10 0 0 80 
ID: 50, Data: 8 1a 26 67 47 10 0 0 80 
ID: 50, Data: 8 1a 26 67 47 10 0 0 80 
ID: 50, Data: 8 1a 26 67 47 10 0 0 80 
ID: 50, Data: 8 1a 26 67 47 10 0 0 80 
ID: 50, Data: 8 1a 26 67 47 10 0 0 80 
ID: 50, Data: 8 1a 26 67 47 10 0 0 80 
ID: 50, Data: 8 1a 26 67 47 10 0 0 80 
ID: 50, Data: 8 1a 26 67 47 10 0 0 80 
ID: 50, Data: 8 1b 26 67 67 10 0 0 80 
ID: 50, Data: 8 1b 26 67 67 10 0 0 80 
ID: 50, Data: 8 1b 26 67 67 10 0 0 80 
ID: 50, Data: 8 1b 26 67 67 10 0 0 80 
ID: 50, Data: 8 1b 26 67 67 10 0 0 80 
ID: 50, Data: 8 1b 26 67 67 10 0 0 80 
ID: 50, Data: 8 1b 26 67 67 10 0 0 80 
ID: 50, Data: 8 1b 26 67 67 10 0 0 80 
ID: 50, Data: 8 1b 26 67 67 10 0 0 80 
ID: 50, Data: 8 1b 26 67 67 10 0 0 80 
ID: 50, Data: 8 1b 26 67 67 10 0 0 80 
ID: 50, Data: 8 1b 26 67 67 10 0 0 80 
ID: 50, Data: 8 1b 26 67 67 10 0 0 80 
ID: 50, Data: 8 1b 26 67 67 10 0 0 80 
ID: 50, Data: 8 1b 26 67 67 10 0 0 80 
ID: 50, Data: 8 1b 26 67 67 10 0 0 80 
ID: 50, Data: 8 1b 26 67 67 10 0 0 80 
ID: 50, Data: 8 1b 26 67 67 10 0 0 80 
ID: 50, Data: 8 1b 26 67 67 10 0 0 80 
ID: 50, Data: 8 1b 26 67 67 10 0 0 80 
ID: 50, Data: 8 1b 26 67 67 10 0 0 80 
ID: 50, Data: 8 1b 26 67 67 10 0 0 80 
ID: 50, Data: 8 1b 26 67 67 10 0 0 80 
ID: 50, Data: 8 1b 26 67 67 10 0 0 80 
ID: 50, Data: 8 1b 26 67 67 10 0 0 80 
ID: 50, Data: 8 1b 26 67 67 10 0 0 80 
ID: 50, Data: 8 1b 26 67 67 10 0 0 80 
ID: 50, Data: 8 1b 26 67 67 10 0 0 80 
ID: 50, Data: 8 1b 26 67 67 10 0 0 80 
ID: 50, Data: 8 1b 26 67 67 10 0 0 80 
ID: 50, Data: 8 1b 26 67 67 10 0 0 80 
ID: 50, Data: 8 1b 26 67 67 10 0 0 80 
ID: 50, Data: 8 1b 26 67 67 10 0 0 80 
ID: 50, Data: 8 1b 26 67 67 10 0 0 80 
ID: 50, Data: 8 1b 26 67 67 10 0 0 80 
ID: 50, Data: 8 1b 26 67 67 10 0 0 80 
ID: 50, Data: 8 1b 26 67 67 10 0 0 80 
ID: 50, Data: 8 1b 26 67 67 10 0 0 80 
ID: 50, Data: 8 1b 26 67 67 10 0 0 80 
ID: 50, Data: 8 1b 26 67 67 10 0 0 80 
ID: 50, Data: 8 1b 26 67 67 10 0 0 80 
ID: 50, Data: 8 1b 26 67 67 10 0 0 80 
ID: 50, Data: 8 1b 26 67 67 10 0 0 80 
ID: 50, Data: 8 1b 26 67 67 10 0 0 80 
ID: 50, Data: 8 1b 26 67 67 10 0 0 80 
ID: 50, Data: 8 1b 26 67 67 10 0 0 80 
ID: 50, Data: 8 1b 26 67 67 10 0 0 80 
ID: 50, Data: 8 1b 26 67 67 10 0 0 80 
ID: 50, Data: 8 1b 26 67 67 10 0 0 80 
ID: 50, Data: 8 1b 26 67 67 10 0 0 80 
ID: 50, Data: 8 1b 26 67 67 10 0 0 80 
ID: 50, Data: 8 1b 26 67 67 10 0 0 80 
ID: 50, Data: 8 1b 26 67 67 10 0 0 80 
ID: 50, Data: 8 1b 26 67 67 10 0 0 80 
ID: 50, Data: 8 1b 26 67 67 10 0 0 80 
ID: 50, Data: 8 1b 26 67 67 10 0 0 80 
ID: 50, Data: 8 1b 26 67 67 10 0 0 80 
ID: 50, Data: 8 1b 26 67 67 10 0 0 80 
ID: 50, Data: 8 1b 26 67 67 10 0 0 80 
ID: 50, Data: 8 1b 26 67 67 10 0 0 80 
ID: 50, Data: 8 1b 26 67 67 10 0 0 80 
ID: 50, Data: 8 1b 26 67 67 10 0 0 80 
ID: 50, Data: 8 1b 26 67 67 10 0 0 80 
ID: 50, Data: 8 1b 26 67 67 10 0 0 80 
ID: 50, Data: 8 1b 26 67 67 10 0 0 80 
ID: 50, Data: 8 1b 26 67 67 10 0 0 80 
ID: 50, Data: 8 1b 26 67 67 10 0 0 80 
ID: 50, Data: 8 1b 26 67 67 10 0 0 80 
ID: 50, Data: 8 1b 26 67 67 10 0 0 80 
ID: 50, Data: 8 1b 26 67 67 10 0 0 80 
ID: 50, Data: 8 1b 26 67 67 10 0 0 80 
ID: 50, Data: 8 1b 26 67 67 10 0 0 80 
ID: 50, Data: 8 1b 26 67 67 10 0 0 80 
ID: 50, Data: 8 1b 26 67 67 10 0 0 80 
ID: 50, Data: 8 1b 26 67 67 10 0 0 80 
ID: 50, Data: 8 1b 26 67 67 10 0 0 80 
ID: 50, Data: 8 1b 26 67 67 10 0 0 80 
ID: 50, Data: 8 1b 26 67 67 10 0 0 80 
ID: 50, Data: 8 1b 26 67 67 10 0 0 80 
ID: 50, Data: 8 1b 26 67 67 10 0 0 80 
ID: 50, Data: 8 1b 26 67 67 10 0 0 80 
ID: 50, Data: 8 1b 26 67 67 10 0 0 80 
ID: 50, Data: 8 1b 26 67 67 10 0 0 80 
ID: 50, Data: 8 1b 26 67 67 10 0 0 80 
ID: 50, Data: 8 1b 26 67 67 10 0 0 80 
